Angles

Angle[0] = 90.00000000000001
Angle[1] = 44.999999999999986
Angle[2] = 44.999999999999986
